010101010101010101010111100000
010101010101010101010111100000
010101010101010101010111100000
010101010101010101010111100000
010101010101010101010111100000
010101010101010101010111100000
0101010101001010111100000
010101010100000001010111100000
010101010101010101010111100000
010101010101010101010111100000
010101010101010101010111100000
010101010101010101010111100000
010101010101010101010111100000
010101010101010101010111100000
010101010101010101010111100000
010101010101010101010111100000
010101010101010101010111100000
010101010101010101010111100000
010101010101010101010111100000
010101010101010101010111100000
010101010101010101010111100000
010101010101010101010111100000
010101010101010101010111100000
010101010101010101010111100000
010101010101010101010111100000
010101010101010101010111100000
010101010101010101010111100000
010101010101010101010111100000
010101010101010101010111100000
010101010101010101010111100000
